[gd_scene load_steps=3 format=2]

[ext_resource path="res://TowerDefense/Models/Bot_Small.glb" type="PackedScene" id=1]
[ext_resource path="res://TowerDefense/Models/Metal.material" type="Material" id=2]

[node name="Bot_Small" instance=ExtResource( 1 )]

[node name="Body2" parent="Rig" index="0"]
transform = Transform( -0.389389, -9.03764e-08, -0.921073, 2.85559e-07, -1, -2.2601e-08, -0.921073, -2.71821e-07, 0.389389, -0.341186, 0.885069, -0.55298 )

[node name="Body" parent="Rig/Body2" index="0"]
material/0 = ExtResource( 2 )

[node name="Socket_FR2" parent="Rig" index="1"]
transform = Transform( -0.654331, 0.747493, 0.114479, -1.78814e-07, -0.151386, 0.988475, 0.756209, 0.646789, 0.0990567, 0, 0, 0 )

[node name="LegFR" parent="Rig/Socket_FR2" index="0"]
transform = Transform( 1, -2.71583e-07, -2.40541e-07, -3.31234e-08, 0.591911, -0.806003, 3.61275e-07, 0.806003, 0.591911, -2.54136e-08, 0.359783, -2.02955e-08 )

[node name="Foot_FR2" parent="Rig/Socket_FR2/LegFR" index="0"]
transform = Transform( -1, -5.68688e-08, 2.11738e-07, -2.11724e-07, -0.000242353, -1, 5.69202e-08, -1, 0.000242293, -5.98745e-08, 0.61983, -1.4441e-11 )

[node name="Socket_FL2" parent="Rig" index="2"]
transform = Transform( 0.994564, 0.102926, 0.0157631, 1.11759e-07, -0.151386, 0.988475, 0.104126, -0.983101, -0.150563, -6.18364e-10, -1.33284e-08, -1.10596 )

[node name="Leg_FL2" parent="Rig/Socket_FL2" index="0"]
transform = Transform( 1, 3.13722e-08, 2.18799e-08, -2.15294e-12, 0.572093, -0.820188, -3.82485e-08, 0.820188, 0.572093, 2.53385e-08, 0.359783, -9.60831e-08 )

[node name="Foot_FL2" parent="Rig/Socket_FL2/Leg_FL2" index="0"]
transform = Transform( -1, -4.51328e-07, 1.43534e-07, -1.43424e-07, -0.000242352, -1, 4.51362e-07, -1, 0.000242293, -7.96995e-08, 0.61983, 7.45058e-08 )

[node name="Socket_BL2" parent="Rig" index="3"]
transform = Transform( 0.996122, -0.0869697, -0.0133195, 3.72529e-09, -0.151386, 0.988475, -0.0879838, -0.984641, -0.150799, -0.682371, -2.23517e-08, -1.10596 )

[node name="Leg_BL2" parent="Rig/Socket_BL2" index="0"]
transform = Transform( 1, -3.23804e-07, -2.45739e-07, -6.40344e-09, 0.591911, -0.806003, 4.06442e-07, 0.806003, 0.591911, 5.78616e-08, 0.359783, 1.88441e-07 )

[node name="Foot_BL2" parent="Rig/Socket_BL2/Leg_BL2" index="0"]
transform = Transform( -1, -7.13801e-07, 7.54269e-08, -7.52538e-08, -0.000242591, -1, 7.13819e-07, -1, 0.000242472, 8.20532e-09, 0.61983, 1.42109e-14 )

[node name="Socket_BR2" parent="Rig" index="4"]
transform = Transform( -0.859681, -0.504942, -0.0773323, 5.96046e-08, -0.151386, 0.988475, -0.510829, 0.849774, 0.130144, -0.682371, -7.45058e-09, 0 )

[node name="Leg_BR2" parent="Rig/Socket_BR2" index="0"]
transform = Transform( 1, 3.43982e-07, 3.28355e-07, 6.87916e-08, 0.578584, -0.815623, -4.7054e-07, 0.815623, 0.578584, 6.74935e-08, 0.359783, -5.92174e-08 )

[node name="Foot_BR2" parent="Rig/Socket_BR2/Leg_BR2" index="0"]
transform = Transform( -1, 1.44973e-07, -2.78561e-08, 2.78209e-08, -0.00024271, -1, -1.44979e-07, -1, 0.000242591, 1.55936e-07, 0.61983, 2.98024e-08 )

[node name="AnimationPlayer" parent="." index="1"]
autoplay = "walk-loop"
