[gd_scene load_steps=2 format=2]

[ext_resource path="res://TowerDefense/Models/Bot_Small.glb" type="PackedScene" id=1]

[node name="Bot_Small" instance=ExtResource( 1 )]

[node name="Body2" parent="Rig" index="0"]
transform = Transform( -0.389389, -9.03764e-08, -0.921073, 2.85559e-07, -1, -2.2601e-08, -0.921073, -2.71821e-07, 0.389389, -0.341186, 0.885069, -0.55298 )

[node name="Socket_FR2" parent="Rig" index="1"]
transform = Transform( -0.916379, 0.395698, 0.0606013, -1.63913e-07, -0.151386, 0.988475, 0.400311, 0.905818, 0.138727, 0, 0, 0 )

[node name="LegFR" parent="Rig/Socket_FR2" index="0"]
transform = Transform( 1, -2.68312e-07, -2.2032e-07, -1.87621e-08, 0.591911, -0.806003, 3.4667e-07, 0.806003, 0.591911, -2.54136e-08, 0.359783, -2.02955e-08 )

[node name="Foot_FR2" parent="Rig/Socket_FR2/LegFR" index="0"]
transform = Transform( -1, -5.68688e-08, 2.11738e-07, -2.11724e-07, -0.000242353, -1, 5.69202e-08, -1, 0.000242293, -5.98745e-08, 0.61983, -1.4441e-11 )

[node name="Socket_FL2" parent="Rig" index="2"]
transform = Transform( 0.82127, 0.563965, 0.0863717, 8.9407e-08, -0.151386, 0.988475, 0.57054, -0.811804, -0.124329, -6.18364e-10, -1.33284e-08, -1.10596 )

[node name="Leg_FL2" parent="Rig/Socket_FL2" index="0"]
transform = Transform( 1, 3.0251e-08, -1.07593e-08, -1.96995e-08, 0.31346, -0.949601, -2.53538e-08, 0.949601, 0.31346, 2.53385e-08, 0.359783, -9.60831e-08 )

[node name="Foot_FL2" parent="Rig/Socket_FL2/Leg_FL2" index="0"]
transform = Transform( -1, -4.51328e-07, 1.43534e-07, -1.43424e-07, -0.000242352, -1, 4.51362e-07, -1, 0.000242293, -7.96995e-08, 0.61983, 7.45058e-08 )

[node name="Socket_BL2" parent="Rig" index="3"]
transform = Transform( 0.8267, -0.556159, -0.0851764, 5.96046e-08, -0.151386, 0.988475, -0.562643, -0.817172, -0.125151, -0.682371, -2.23517e-08, -1.10596 )

[node name="Leg_BL2" parent="Rig/Socket_BL2" index="0"]
transform = Transform( 1, -3.32343e-07, -2.32423e-07, 9.38375e-09, 0.591911, -0.806003, 4.05444e-07, 0.806003, 0.591911, 5.78616e-08, 0.359783, 1.88441e-07 )

[node name="Foot_BL2" parent="Rig/Socket_BL2/Leg_BL2" index="0"]
transform = Transform( -1, -7.13801e-07, 7.54269e-08, -7.52538e-08, -0.000242591, -1, 7.13819e-07, -1, 0.000242472, 8.20532e-09, 0.61983, 1.42109e-14 )

[node name="Socket_BR2" parent="Rig" index="4"]
transform = Transform( -0.963353, -0.265142, -0.0406065, 2.68221e-07, -0.151386, 0.988475, -0.268233, 0.952251, 0.145838, -0.682371, -7.45058e-09, 0 )

[node name="Leg_BR2" parent="Rig/Socket_BR2" index="0"]
transform = Transform( 1, 3.93227e-07, 2.34401e-07, 5.28334e-08, 0.409472, -0.912323, -4.54731e-07, 0.912323, 0.409472, 6.74935e-08, 0.359783, -5.92174e-08 )

[node name="Foot_BR2" parent="Rig/Socket_BR2/Leg_BR2" index="0"]
transform = Transform( -1, 1.44973e-07, -2.7856e-08, 2.78209e-08, -0.00024271, -1, -1.44979e-07, -1, 0.000242889, 1.55936e-07, 0.61983, 2.98024e-08 )
