[gd_scene load_steps=4 format=2]

[ext_resource path="res://TowerDefense/Models/Bot_Large/Bot_Large.glb" type="PackedScene" id=1]
[ext_resource path="res://TowerDefense/Materials/Eye.material" type="Material" id=2]
[ext_resource path="res://TowerDefense/Materials/Metal_Silver.material" type="Material" id=3]

[node name="Bot_Large" instance=ExtResource( 1 )]

[node name="Socket_R12" parent="Large_Bot_Rig/Body2" index="0"]
transform = Transform( -0.523742, 0.850367, 0.0506961, -0.00500497, 0.0564383, -0.998394, -0.851862, -0.523154, -0.025303, 0.509213, 0.78867, -0.44981 )

[node name="Leg_R12" parent="Large_Bot_Rig/Body2/Socket_R12" index="0"]
transform = Transform( 1, -2.54535e-08, -1.42356e-07, -9.96728e-08, 0.591911, -0.806003, 1.04778e-07, 0.806003, 0.591911, 4.86479e-08, 0.359783, -2.59134e-08 )

[node name="Foot_R12" parent="Large_Bot_Rig/Body2/Socket_R12/Leg_R12" index="0"]
transform = Transform( -1, 2.58816e-07, -1.46585e-07, 1.46522e-07, -0.000243187, -1, -2.58852e-07, -1, 0.000243187, 1.73756e-08, 0.61983, -2.08631e-07 )

[node name="Foot_R1" parent="Large_Bot_Rig/Body2/Socket_R12/Leg_R12/Foot_R12" index="0"]
material/0 = ExtResource( 3 )

[node name="Leg_R1" parent="Large_Bot_Rig/Body2/Socket_R12/Leg_R12" index="1"]
material/0 = ExtResource( 3 )

[node name="Socket_R1" parent="Large_Bot_Rig/Body2/Socket_R12" index="1"]
material/0 = ExtResource( 3 )

[node name="Socket_L12" parent="Large_Bot_Rig/Body2" index="1"]
transform = Transform( 0.905736, 0.418958, 0.064164, 5.96046e-08, 0.151386, -0.988475, -0.423843, 0.895297, 0.137116, 0.509213, 0.78867, 0.449809 )

[node name="Leg_L12" parent="Large_Bot_Rig/Body2/Socket_L12" index="0"]
transform = Transform( 1, -8.75133e-08, -1.73806e-07, -8.82881e-08, 0.591911, -0.806003, 1.73414e-07, 0.806003, 0.591911, -3.98827e-08, 0.359783, -8.07346e-08 )

[node name="Foot_L12" parent="Large_Bot_Rig/Body2/Socket_L12/Leg_L12" index="0"]
transform = Transform( -1, -3.82219e-07, -5.08531e-08, 5.09458e-08, -0.00024271, -1, 3.82207e-07, -1, 0.000242591, -3.90321e-08, 0.619831, -1.19224e-07 )

[node name="Foot_L1" parent="Large_Bot_Rig/Body2/Socket_L12/Leg_L12/Foot_L12" index="0"]
material/0 = ExtResource( 3 )

[node name="Leg_L1" parent="Large_Bot_Rig/Body2/Socket_L12/Leg_L12" index="1"]
material/0 = ExtResource( 3 )

[node name="Socket_L1" parent="Large_Bot_Rig/Body2/Socket_L12" index="1"]
material/0 = ExtResource( 3 )

[node name="Socket_R22" parent="Large_Bot_Rig/Body2" index="2"]
transform = Transform( -0.996735, 0.0768498, 0.0247645, -0.0128955, 0.151258, -0.98841, -0.079705, -0.985502, -0.149773, 0.173278, 0.78867, -0.55556 )

[node name="Leg_R22" parent="Large_Bot_Rig/Body2/Socket_R22" index="0"]
transform = Transform( 1, -5.8312e-08, -2.59064e-07, -1.74291e-07, 0.591911, -0.806003, 2.00343e-07, 0.806003, 0.591911, -4.25854e-08, 0.359783, 1.43871e-08 )

[node name="Foot_R22" parent="Large_Bot_Rig/Body2/Socket_R22/Leg_R22" index="0"]
transform = Transform( -1, 3.59287e-07, 4.10118e-08, -4.1099e-08, -0.00024271, -1, -3.59277e-07, -1, 0.000242591, -8.52085e-09, 0.61983, 1.8999e-07 )

[node name="Foot_R2" parent="Large_Bot_Rig/Body2/Socket_R22/Leg_R22/Foot_R22" index="0"]
material/0 = ExtResource( 3 )

[node name="Leg_R2" parent="Large_Bot_Rig/Body2/Socket_R22/Leg_R22" index="1"]
material/0 = ExtResource( 3 )

[node name="Socket_R2" parent="Large_Bot_Rig/Body2/Socket_R22" index="1"]
material/0 = ExtResource( 3 )

[node name="Socket_L22" parent="Large_Bot_Rig/Body2" index="3"]
transform = Transform( 0.949955, 0.311528, 0.0231383, 0.00462185, 0.0600452, -0.998185, -0.312351, 0.948338, 0.0556005, 0.173278, 0.78867, 0.55556 )

[node name="Leg_L22" parent="Large_Bot_Rig/Body2/Socket_L22" index="0"]
transform = Transform( 1, -6.28353e-07, -4.54279e-07, 5.7795e-09, 0.591911, -0.806003, 7.75347e-07, 0.806003, 0.591911, -3.02408e-08, 0.359783, 3.73797e-08 )

[node name="Foot_L22" parent="Large_Bot_Rig/Body2/Socket_L22/Leg_L22" index="0"]
transform = Transform( -1, -6.91023e-07, 4.10511e-08, -4.08831e-08, -0.000243187, -1, 6.91033e-07, -1, 0.000243187, 3.27635e-08, 0.619831, -7.45058e-09 )

[node name="Foot_L2" parent="Large_Bot_Rig/Body2/Socket_L22/Leg_L22/Foot_L22" index="0"]
material/0 = ExtResource( 3 )

[node name="Leg_L2" parent="Large_Bot_Rig/Body2/Socket_L22/Leg_L22" index="1"]
material/0 = ExtResource( 3 )

[node name="Socket_L2" parent="Large_Bot_Rig/Body2/Socket_L22" index="1"]
material/0 = ExtResource( 3 )

[node name="Socket_R32" parent="Large_Bot_Rig/Body2" index="4"]
transform = Transform( -0.99977, -0.0214262, 0.000995569, -0.00253494, 0.0719387, -0.997406, 0.021299, -0.997179, -0.0719764, -0.173278, 0.78867, -0.555561 )

[node name="Leg_R32" parent="Large_Bot_Rig/Body2/Socket_R32" index="0"]
transform = Transform( 1, 1.26523e-08, -3.52829e-11, -7.51748e-09, 0.591911, -0.806003, -1.01769e-08, 0.806003, 0.591911, 6.72041e-09, 0.359783, 1.80137e-07 )

[node name="Foot_R32" parent="Large_Bot_Rig/Body2/Socket_R32/Leg_R32" index="0"]
transform = Transform( -1, -7.58274e-07, -1.12323e-07, 1.12508e-07, -0.000243187, -1, 7.58247e-07, -1, 0.000243187, -4.01022e-08, 0.61983, -3.73977e-09 )

[node name="Foot_R3" parent="Large_Bot_Rig/Body2/Socket_R32/Leg_R32/Foot_R32" index="0"]
material/0 = ExtResource( 3 )

[node name="Leg_R3" parent="Large_Bot_Rig/Body2/Socket_R32/Leg_R32" index="1"]
material/0 = ExtResource( 3 )

[node name="Socket_R3" parent="Large_Bot_Rig/Body2/Socket_R32" index="1"]
material/0 = ExtResource( 3 )

[node name="Socket_L32" parent="Large_Bot_Rig/Body2" index="5"]
transform = Transform( 0.95097, -0.30572, -0.0468209, 4.61936e-07, 0.151386, -0.988475, 0.309284, 0.940009, 0.143964, -0.173278, 0.78867, 0.55556 )

[node name="Leg_L32" parent="Large_Bot_Rig/Body2/Socket_L32" index="0"]
transform = Transform( 1, -6.72817e-08, -2.41987e-08, 2.03206e-08, 0.591912, -0.806003, 6.85528e-08, 0.806003, 0.591912, 3.4915e-08, 0.359783, 7.66934e-08 )

[node name="Foot_L32" parent="Large_Bot_Rig/Body2/Socket_L32/Leg_L32" index="0"]
transform = Transform( -1, 6.71261e-07, -5.59849e-08, 5.58217e-08, -0.000243187, -1, -6.71274e-07, -1, 0.000243187, 7.00992e-08, 0.619831, -4.84287e-08 )

[node name="Foot_L3" parent="Large_Bot_Rig/Body2/Socket_L32/Leg_L32/Foot_L32" index="0"]
material/0 = ExtResource( 3 )

[node name="Leg_L3" parent="Large_Bot_Rig/Body2/Socket_L32/Leg_L32" index="1"]
material/0 = ExtResource( 3 )

[node name="Socket_L3" parent="Large_Bot_Rig/Body2/Socket_L32" index="1"]
material/0 = ExtResource( 3 )

[node name="Socket_R42" parent="Large_Bot_Rig/Body2" index="6"]
transform = Transform( -0.821454, -0.563701, -0.0863316, 1.78814e-07, 0.151386, -0.988475, 0.570274, -0.811987, -0.124357, -0.509213, 0.788669, -0.44981 )

[node name="Leg_R42" parent="Large_Bot_Rig/Body2/Socket_R42" index="0"]
transform = Transform( 1, 2.41789e-07, 2.46466e-07, 5.55342e-08, 0.591911, -0.806003, -3.40769e-07, 0.806003, 0.591911, -7.34836e-08, 0.359783, 3.14714e-08 )

[node name="Foot_R42" parent="Large_Bot_Rig/Body2/Socket_R42/Leg_R42" index="0"]
transform = Transform( -1, -7.62259e-08, -1.72123e-07, 1.72142e-07, -0.00024271, -1, 7.61841e-08, -1, 0.000242591, -9.71642e-08, 0.61983, 2.89398e-11 )

[node name="Foot_R4" parent="Large_Bot_Rig/Body2/Socket_R42/Leg_R42/Foot_R42" index="0"]
material/0 = ExtResource( 3 )

[node name="Leg_R4" parent="Large_Bot_Rig/Body2/Socket_R42/Leg_R42" index="1"]
material/0 = ExtResource( 3 )

[node name="Socket_R4" parent="Large_Bot_Rig/Body2/Socket_R42" index="1"]
material/0 = ExtResource( 3 )

[node name="Socket_L42" parent="Large_Bot_Rig/Body2" index="7"]
transform = Transform( 0.937536, -0.347395, -0.0185346, 0.00488329, 0.0664136, -0.99778, 0.347855, 0.935364, 0.0639616, -0.509213, 0.78867, 0.449809 )

[node name="Leg_L42" parent="Large_Bot_Rig/Body2/Socket_L42" index="0"]
transform = Transform( 1, -6.96478e-07, -3.23109e-07, 1.51826e-07, 0.591911, -0.806003, 7.52616e-07, 0.806003, 0.591911, -1.15413e-08, 0.359783, 9.95413e-09 )

[node name="Foot_L42" parent="Large_Bot_Rig/Body2/Socket_L42/Leg_L42" index="0"]
transform = Transform( -1, -1.55922e-07, 1.27793e-08, -1.27416e-08, -0.000241995, -1, 1.55925e-07, -1, 0.000242054, 4.82067e-08, 0.61983, 2.98023e-08 )

[node name="Foot_L4" parent="Large_Bot_Rig/Body2/Socket_L42/Leg_L42/Foot_L42" index="0"]
material/0 = ExtResource( 3 )

[node name="Leg_L4" parent="Large_Bot_Rig/Body2/Socket_L42/Leg_L42" index="1"]
material/0 = ExtResource( 3 )

[node name="Socket_L4" parent="Large_Bot_Rig/Body2/Socket_L42" index="1"]
material/0 = ExtResource( 3 )

[node name="Abdomen2" parent="Large_Bot_Rig/Body2" index="8"]
transform = Transform( -0.00611115, -0.984003, 0.178048, 0.00927022, -0.178099, -0.983969, 0.999938, -0.00436258, 0.0102103, -0.590262, 0.445127, -1.74458e-07 )

[node name="Abdomen" parent="Large_Bot_Rig/Body2/Abdomen2" index="0"]
material/0 = ExtResource( 3 )

[node name="Body" parent="Large_Bot_Rig/Body2" index="9"]
material/0 = ExtResource( 3 )

[node name="Eye" parent="Large_Bot_Rig/Body2/Body" index="0"]
material/0 = ExtResource( 3 )
material/1 = ExtResource( 2 )

[node name="AnimationPlayer" parent="." index="1"]
autoplay = "walk-loop"
